14729.93 -28347.11 21257.00 -4048.82 -4592.05 2686.62 895.03 -1184.84 -194.22 721.13 -279.56 -137.25 178.66 -74.97 12.98 -28347.11 30678.02 -2328.34 -10014.29 1472.61 4232.17 -1050.47 -2102.24 1314.90 354.59 -559.98 -11.45 223.17 -107.61 20.74 21257.00 -2328.34 -12672.81 -1002.17 7027.99 699.16 -3728.04 247.64 1507.40 -268.95 -661.46 363.93 112.82 -151.55 20.10 -4048.82 -10014.29 -1002.17 8132.31 1386.38 -3287.38 -1662.06 1641.63 833.23 -777.62 -393.01 529.42 -103.39 -73.61 52.91 -4592.05 1472.61 7027.99 1386.38 -2380.14 -2807.11 759.82 1788.53 28.08 -1187.68 98.48 629.91 -401.93 61.27 19.10 2686.62 4232.17 699.16 -3287.38 -2807.11 41.29 2126.07 1047.60 -1300.41 -782.77 757.80 429.09 -593.98 216.71 -52.26 895.03 -1050.47 -3728.04 -1662.06 759.82 2126.07 1433.49 -1186.75 -1332.68 256.64 976.97 -136.45 -551.28 376.91 -94.44 -1184.84 -2102.24 247.64 1641.63 1788.53 1047.60 -1186.75 -1484.79 -114.29 1114.89 337.89 -698.53 -164.04 332.51 -35.64 -194.22 1314.90 1507.40 833.23 28.08 -1300.41 -1332.68 -114.29 1215.17 817.44 -632.99 -659.24 424.61 41.08 -54.47 721.13 354.59 -268.95 -777.62 -1187.68 -782.77 256.64 1114.89 817.44 -478.63 -943.61 98.15 819.90 -361.16 -50.98 -279.56 -559.98 -661.46 -393.01 98.48 757.80 976.97 337.89 -632.99 -943.61 -152.24 699.20 392.06 -545.73 135.81 -137.25 -11.45 363.93 529.42 629.91 429.09 -136.45 -698.53 -659.24 98.15 699.20 327.83 -512.46 -252.10 277.13 178.66 223.17 112.82 -103.39 -401.93 -593.98 -551.28 -164.04 424.61 819.90 392.06 -512.46 -640.44 397.60 -2.44 -74.97 -107.61 -151.55 -73.61 61.27 216.71 376.91 332.51 41.08 -361.16 -545.73 -252.10 397.60 743.89 -540.47 12.98 20.74 20.10 52.91 19.10 -52.26 -94.44 -35.64 -54.47 -50.98 135.81 277.13 -2.44 -540.47 298.25
-28347.11 86793.19 -99235.34 43736.80 10334.19 -17100.76 47.97 6960.14 -1615.05 -2921.52 2049.88 170.27 -789.80 395.15 -74.97 31196.69 -73214.61 33258.13 25291.31 -17625.77 -12147.80 10293.05 5454.11 -7313.70 84.37 2788.93 -807.51 -729.11 530.46 -90.93 -3656.44 4287.01 22778.78 -7933.59 -19745.61 6034.22 12301.76 -4797.51 -5694.06 3190.86 2186.44 -2282.90 240.96 439.80 -179.74 -8529.73 8095.10 -375.86 -15814.01 3075.35 8865.37 2480.62 -7289.53 -1300.41 4065.70 552.30 -2680.04 1210.86 -6.55 -72.28 1214.91 3180.15 -6551.49 -22.11 5037.95 5608.51 -4501.38 -5156.57 2294.91 4085.24 -1936.25 -2252.83 2278.23 -725.70 74.16 3145.43 -914.23 -2040.84 4371.12 1840.03 -1358.09 -5116.06 -623.77 4831.73 1021.24 -3339.27 -552.39 2551.55 -1337.43 195.98 -93.13 -2773.06 1566.33 45.45 -708.59 -2417.51 -1655.04 3749.94 2196.10 -2071.80 -2476.83 1533.04 1471.30 -1480.61 389.61 -2129.55 813.86 56.13 188.23 -246.52 -1294.66 2067.79 2176.79 -891.88 -2953.74 216.77 2318.70 -579.57 -740.83 329.32 1030.60 584.63 982.22 -2.26 -849.10 644.00 1362.01 -129.13 -2315.09 -926.11 2370.12 1118.24 -2211.59 611.64 48.14 340.62 200.21 -768.77 -635.60 -26.47 450.23 -40.21 -1124.29 -916.72 1255.55 1833.94 -838.76 -2056.33 1739.21 -363.42 -373.67 -627.86 -304.81 -53.22 578.68 142.58 -533.93 -255.87 640.25 1005.69 -236.53 -1416.06 -251.53 1461.94 -549.26 -93.13 230.82 353.86 531.71 269.85 -197.23 -251.96 359.53 655.21 -285.26 -1129.53 -200.77 1260.72 -200.54 -249.57 204.99 188.65 -77.20 -253.00 -356.67 -360.13 -56.79 237.29 144.57 -567.25 -387.79 930.08 988.45 -1549.83 400.32 -90.93 -157.98 -56.18 -17.37 146.68 304.33 133.05 -75.89 -154.08 -29.62 177.31 275.19 -176.61 -892.60 739.02 20.74 -9.54 128.79 -50.46 -90.49 45.45 48.40 -209.73 -63.83 330.28 118.13 -455.57 -304.44 1018.71 -540.47
21257.00 -99235.34 179146.06 -145004.16 29847.16 34018.83 -16971.86 -11458.79 10439.00 2395.69 -5786.58 1770.33 915.58 -789.80 178.66 -3656.44 33572.95 -56169.86 1207.44 36055.03 -926.34 -23266.90 2442.85 14501.08 -6406.60 -4137.42 3919.04 -191.66 -753.69 204.99 -9057.02 21179.58 -10957.49 10445.49 11455.51 -17979.78 -8189.56 14396.01 3788.01 -9197.22 -232.83 5184.75 -2765.19 219.13 185.17 -5032.18 1672.91 -7809.00 5391.69 -6807.78 -1574.24 98.21 9060.85 -2708.77 -6381.26 2232.75 4364.92 -4014.01 1238.70 -122.69 7663.81 -5680.71 -638.60 2206.69 1487.71 -2999.72 4850.17 2716.00 -5408.35 -3073.85 5032.64 1540.82 -4479.90 2340.40 -445.18 2873.58 -4204.33 3775.51 1140.58 2090.71 -3559.98 2434.88 -757.30 -4291.58 1777.62 3924.86 -1497.55 -2970.97 2553.78 -567.08 -4730.12 1498.82 1222.25 75.13 -3284.76 -1037.27 2319.40 -2246.96 250.63 2335.26 805.96 -2876.44 119.48 1415.65 -543.59 -695.42 1027.77 1268.25 -2771.18 -1285.29 2941.75 386.40 -904.11 539.13 1644.85 -1787.54 -1888.41 2643.06 -590.21 -169.68 2289.94 1232.68 -1946.79 259.08 1425.81 1131.08 -401.72 -1055.72 574.10 314.51 -1883.07 131.79 2855.53 -2185.34 418.18 -81.14 -1453.41 -371.85 282.90 706.81 -239.89 -1255.59 -494.58 612.14 157.03 -564.03 742.78 1086.67 -2033.15 818.35 -1032.66 -269.29 537.85 591.98 -489.48 -600.29 -215.21 338.56 613.35 118.63 -65.67 84.72 -452.98 -249.91 387.35 425.19 653.26 518.20 60.81 -400.84 -88.57 727.46 554.04 -267.34 -403.41 110.38 -199.13 -654.07 1229.66 -510.29 185.17 -204.63 -480.67 -422.30 -243.45 192.35 388.67 -50.96 -833.40 -323.77 621.74 192.40 -468.34 986.56 -632.70 -179.74 -61.89 71.65 310.81 290.10 -18.50 -185.70 -209.50 -27.33 311.54 549.16 -69.03 -697.24 -177.06 400.32 20.10 128.79 -137.70 -17.89 83.46 -132.06 -185.54 241.06 310.35 -232.36 -440.60 60.97 579.50 -304.44 -2.44
-4048.82 43736.80 -145004.16 216814.98 -145434.75 10967.05 39620.18 -8212.54 -17089.05 8258.67 5285.34 -6148.33 1770.33 170.27 -137.25 -8529.73 24705.13 347.09 -34900.59 -2954.19 26400.44 7223.16 -19388.92 -4856.11 15054.27 -3034.78 -5630.53 3860.36 -639.56 -93.13 -5032.18 -4897.27 10595.33 3849.33 3266.33 7559.18 -10762.26 -8756.92 8935.32 6470.38 -6873.96 -2617.82 5447.18 -2554.15 425.19 12354.67 -19319.30 6366.76 -35.91 -2057.30 -9069.17 5255.91 -1964.77 5053.65 417.62 -4597.94 -522.81 4412.82 -2719.17 540.72 870.12 -1431.48 3376.97 -841.35 -3843.27 3002.21 1298.80 1790.92 948.89 -2528.11 -2470.55 2619.91 1530.66 -2254.87 654.59 -4806.84 6718.69 263.53 -948.15 -1727.48 6902.48 -2512.75 -1025.55 -548.12 -2216.73 1354.16 2419.46 -1502.73 -551.16 425.48 -1696.83 992.76 -592.98 -2018.23 1038.08 425.94 -3051.33 365.62 -872.36 1232.57 1351.88 528.19 -2910.81 1613.27 -182.41 2708.78 -834.79 -3011.06 1673.03 -107.47 -915.80 208.26 547.88 954.68 81.74 557.16 -798.54 -1915.41 2316.38 -684.39 446.94 -521.78 866.78 14.03 1768.66 -119.62 -635.17 1030.04 426.81 -893.88 -569.73 -226.28 180.75 1056.86 -628.80 -964.48 -268.16 481.96 413.89 -351.75 -783.93 -135.68 232.07 -69.68 -981.06 -248.89 934.30 804.79 -887.42 96.54 -268.65 141.94 342.48 -433.70 -517.45 -517.10 393.11 277.03 -192.09 -80.65 351.16 634.94 11.25 -1371.08 697.48 540.72 426.04 -86.46 -354.05 175.83 666.36 336.96 -69.75 -111.47 337.02 64.77 -277.59 -286.80 -112.12 303.09 -122.69 -327.32 -239.17 -122.70 284.43 331.60 -275.56 -665.68 -131.27 318.54 -163.38 -482.41 198.78 912.61 -510.29 -72.28 34.29 262.42 123.58 -97.95 -187.79 -158.20 69.08 291.16 372.13 -91.19 -274.20 -8.64 249.86 -249.57 52.91 -50.46 -17.89 43.49 -107.02 -43.68 192.24 126.27 -141.66 -293.49 16.90 324.69 60.97 -455.57 277.13
-4592.05 10334.19 29847.16 -145434.75 224326.11 -145627.14 6360.52 40053.86 -5775.23 -17470.04 7303.36 5285.34 -5786.58 2049.88 -279.56 1214.91 -16927.91 36010.15 -3483.12 -36645.70 -2159.59 26144.94 7431.34 -18495.71 -5189.24 14084.97 -2873.57 -4322.47 2671.18 -373.67 7663.81 -22059.88 12451.44 4067.94 422.46 6743.84 8459.35 -12660.95 -8192.78 9481.56 5318.21 -6853.42 -406.77 2691.71 -1032.66 870.12 5307.44 -8139.47 -2085.40 166.98 2030.94 -10007.92 2856.89 -436.89 5749.88 -1088.13 -4484.73 2161.69 475.05 -268.65 -2499.72 5670.66 157.18 -3179.11 1771.72 -347.92 272.50 -446.86 3927.97 1645.76 -4240.77 -2408.51 5078.16 -2141.80 194.64 -3124.21 1440.80 2563.06 -1698.09 2223.83 -746.08 4118.58 -2674.93 825.82 -445.13 -3576.60 1350.50 3960.74 -3333.50 694.00 1485.66 -1462.24 -2601.49 926.12 425.93 -354.55 -1226.86 -1713.01 1056.50 -1412.93 821.99 1315.76 735.88 -2334.43 969.67 1629.04 -191.46 -1058.47 -568.11 2157.29 -2579.63 -765.53 1929.00 9.33 86.57 802.68 551.75 -1812.78 239.75 316.18 -98.26 -808.55 1382.35 1742.05 -1300.22 314.52 1349.14 438.38 -378.70 -260.76 626.00 -572.65 -1877.02 2334.61 -629.60 -1264.40 219.27 545.92 -218.96 -775.03 -226.06 660.80 -0.93 -1158.69 -331.09 478.64 -288.56 -507.22 1806.80 -920.17 194.64 617.36 -700.17 -383.11 -280.88 261.66 -211.39 -74.94 -249.68 -42.14 594.03 288.37 28.23 -291.61 -138.44 654.59 120.39 -332.63 162.29 474.32 380.42 -118.55 -52.13 481.59 180.92 -38.53 43.96 163.75 -1171.84 697.48 -445.18 -363.26 -81.63 203.91 233.56 -121.57 -441.35 -197.83 289.79 -45.88 -665.75 -146.04 584.53 -351.48 387.35 74.16 177.35 212.26 -75.75 -186.14 -127.33 -5.28 161.47 344.36 -4.29 -318.84 -12.11 459.31 210.19 -549.26 19.10 -90.49 83.46 -107.02 -68.45 170.84 186.03 -146.77 -326.90 100.54 310.05 16.90 -440.60 118.13 135.81
2686.62 -17100.76 34018.83 10967.05 -145627.14 233825.02 -148024.97 2361.63 42144.84 -5527.24 -17470.04 8258.67 2395.69 -2921.52 721.13 3145.43 -11594.59 -89.07 25882.37 -2439.34 -32533.80 -5385.53 24987.41 10114.67 -19473.09 -5196.56 15038.23 -6114.46 -162.82 340.62 2873.58 5004.05 -18927.00 7539.39 7636.71 1187.59 3664.33 9516.39 -10901.67 -9971.20 9731.28 6479.29 -9796.34 3504.48 -81.14 -4806.84 9258.52 -1078.90 -8961.44 1799.05 -157.67 -1054.87 -8099.12 4178.16 -2420.24 5755.74 371.51 -6244.44 4087.50 -964.48 -3124.21 6221.91 -2839.95 2629.94 -277.19 -243.60 -2126.69 2509.99 79.78 2069.40 1632.12 -2615.27 -2923.50 4119.66 -1264.40 1237.95 -2153.32 -3296.92 6603.83 -667.51 -892.50 -730.26 6157.97 -2937.00 -483.44 -477.79 -2240.61 1838.23 903.54 -652.19 1637.66 -2602.53 -1051.84 375.29 -148.89 -1728.75 1224.50 -470.71 -2429.07 700.71 -1428.71 1296.82 2347.30 -2285.97 366.00 907.23 -1003.56 2939.19 -718.22 -2700.72 2132.36 -757.51 -1453.68 1089.91 826.81 50.71 108.55 1626.36 -2819.41 1007.49 -1287.29 940.14 890.40 15.86 189.94 54.77 1493.77 -147.53 -195.66 1172.72 -314.66 -832.78 203.78 -770.20 749.38 -652.19 296.36 -369.09 -712.63 -295.76 769.41 -110.70 -708.38 -224.79 273.35 -352.91 -899.58 25.06 1286.01 -446.65 694.00 32.65 -493.98 -530.50 326.80 191.91 -287.36 -733.97 94.58 378.09 -21.60 -56.06 150.00 936.56 -920.17 425.48 -163.41 79.68 548.12 431.86 -235.19 -44.52 375.83 246.55 90.12 218.20 281.74 -327.67 -327.54 96.54 -567.08 -357.80 127.79 293.02 -142.08 -594.58 -19.73 461.00 -82.67 -644.13 -63.48 228.07 -266.11 -554.90 818.35 195.98 326.61 -59.12 -123.82 -123.39 -66.89 227.55 286.18 -115.34 -337.60 10.81 403.03 282.04 -25.50 -363.42 -52.26 45.45 -132.06 -43.68 170.84 160.41 -172.15 -226.15 58.36 254.09 100.54 -293.49 -232.36 330.28 -50.98
895.03 47.97 -16971.86 39620.18 6360.52 -148024.97 237589.56 -147367.94 562.78 42144.84 -5775.23 -17089.05 10439.00 -1615.05 -194.22 -93.13 8585.94 -22866.73 8079.00 25853.39 -5731.98 -31023.85 -4521.04 23476.50 10295.99 -18725.78 -5236.10 15043.93 -7226.30 1030.60 -4730.12 14281.63 -8721.21 -11335.64 8250.96 4260.26 2247.78 5116.33 7774.90 -10883.22 -8309.35 9080.05 4476.48 -7099.38 2289.94 -1696.83 1960.35 450.54 5080.72 -9940.70 -946.14 1687.74 201.91 -10283.11 4364.65 -392.21 4772.09 -2837.23 -707.91 446.94 1485.66 -5177.49 5335.06 1059.08 332.43 -2038.70 2105.98 -1443.83 411.90 129.64 4062.57 881.23 -5745.86 2745.15 -98.26 1637.66 -4896.35 2331.64 -2397.21 4116.06 -822.94 962.88 -934.20 4846.77 -2985.73 934.73 -572.90 -4394.42 4888.81 -1287.29 1738.26 -1625.07 2001.62 -2734.72 -1345.18 1155.81 -1010.22 404.93 -557.74 -2552.13 1040.45 -845.20 527.69 1853.09 -1290.14 -1495.65 2288.05 299.39 357.13 -872.26 -789.27 1502.30 -1701.54 -448.95 1021.31 8.89 924.29 676.82 -1072.34 62.21 -1290.14 1428.03 -448.24 -702.32 1356.21 1562.60 -1562.73 892.59 1418.56 -206.16 -345.75 387.61 565.98 -2228.34 1124.47 366.00 -113.02 -1260.73 -218.15 784.99 -135.09 -779.33 -228.58 623.02 -156.14 -1154.17 -56.78 504.61 -807.23 749.38 969.67 -671.96 -66.98 323.44 -152.55 -309.23 -322.66 20.79 -185.65 153.13 -294.08 -152.98 513.95 733.85 -629.60 -182.41 -233.70 826.13 297.96 -170.65 -24.74 372.29 295.27 -43.28 214.86 454.28 -40.88 -300.26 621.27 -628.80 -543.59 29.92 250.00 -204.27 -472.98 -21.55 321.12 -17.00 -472.73 -148.42 303.59 -123.84 -763.43 85.32 418.18 389.61 91.56 -171.92 -132.70 -13.70 224.71 201.75 -78.22 -313.72 -74.01 374.69 204.00 15.80 -160.22 48.14 -94.44 48.40 -185.54 192.24 186.03 -172.15 -244.98 55.04 317.72 58.36 -326.90 -141.66 310.35 -63.83 -54.47
-1184.84 6960.14 -11458.79 -8212.54 40053.86 2361.63 -147367.94 238293.19 -147367.94 2361.63 40053.86 -8212.54 -11458.79 6960.14 -1184.84 -2129.55 6525.15 1115.87 -19383.44 8022.02 25000.13 -4712.24 -31712.72 -4712.24 25000.13 8022.02 -19383.44 1115.87 6525.15 -2129.55 -695.42 -4493.44 14831.10 -8621.44 -12956.57 9298.33 5332.73 575.02 5332.73 9298.33 -12956.57 -8621.44 14831.10 -4493.44 -695.42 2708.78 -7967.79 8827.93 -1592.57 2880.31 -8392.64 367.24 -420.67 367.24 -8392.64 2880.31 -1592.57 8827.93 -7967.79 2708.78 1629.04 -5365.10 2712.61 2109.61 -625.82 2366.22 -1316.22 70.85 -1316.22 2366.22 -625.82 2109.61 2712.61 -5365.10 1629.04 907.23 -435.31 -827.01 -922.83 -2771.36 6234.97 -968.47 -463.42 -968.47 6234.97 -2771.36 -922.83 -827.01 -435.31 907.23 -1495.65 4396.89 -2399.16 112.82 -1685.61 -244.24 269.40 -1229.70 269.40 -244.24 -1685.61 112.82 -2399.16 4396.89 -1495.65 -1277.99 1963.86 -917.67 410.41 2041.73 -1350.11 -1788.31 2501.42 -1788.31 -1350.11 2041.73 410.41 -917.67 1963.86 -1277.99 62.21 -505.57 -844.58 1029.22 491.22 -231.80 925.51 80.79 925.51 -231.80 491.22 1029.22 -844.58 -505.57 62.21 1007.49 -1167.57 -286.85 217.93 -15.16 -818.15 -163.11 602.67 -163.11 -818.15 -15.16 217.93 -286.85 -1167.57 1007.49 316.18 -140.59 320.33 236.25 -132.66 -722.19 49.83 165.82 49.83 -722.19 -132.66 236.25 320.33 -140.59 316.18 -684.39 425.62 392.91 -24.92 -66.40 441.28 266.01 -135.86 266.01 441.28 -66.40 -24.92 392.91 425.62 -684.39 -169.68 246.63 -150.54 -558.13 -147.29 453.97 -63.85 -587.75 -63.85 453.97 -147.29 -558.13 -150.54 246.63 -169.68 329.32 -94.67 -118.18 -0.95 137.84 279.65 -50.27 -322.51 -50.27 279.65 137.84 -0.95 -118.18 -94.67 329.32 -35.64 -209.73 241.06 126.27 -146.77 -226.15 55.04 263.96 55.04 -226.15 -146.77 126.27 241.06 -209.73 -35.64
-194.22 -1615.05 10439.00 -17089.05 -5775.23 42144.84 562.78 -147367.94 237589.56 -148024.97 6360.52 39620.18 -16971.86 47.97 895.03 1030.60 -7226.30 15043.93 -5236.10 -18725.78 10295.99 23476.50 -4521.04 -31023.85 -5731.98 25853.39 8079.00 -22866.73 8585.94 -93.13 2289.94 -7099.38 4476.48 9080.05 -8309.35 -10883.22 7774.90 5116.33 2247.78 4260.26 8250.96 -11335.64 -8721.21 14281.63 -4730.12 446.94 -707.91 -2837.23 4772.09 -392.21 4364.65 -10283.11 201.91 1687.74 -946.14 -9940.70 5080.72 450.54 1960.35 -1696.83 -98.26 2745.15 -5745.86 881.23 4062.57 129.64 411.90 -1443.83 2105.98 -2038.70 332.43 1059.08 5335.06 -5177.49 1485.66 -1287.29 4888.81 -4394.42 -572.90 934.73 -2985.73 4846.77 -934.20 962.88 -822.94 4116.06 -2397.21 2331.64 -4896.35 1637.66 -1290.14 1853.09 527.69 -845.20 1040.45 -2552.13 -557.74 404.93 -1010.22 1155.81 -1345.18 -2734.72 2001.62 -1625.07 1738.26 62.21 -1072.34 676.82 924.29 8.89 1021.31 -448.95 -1701.54 1502.30 -789.27 -872.26 357.13 299.39 2288.05 -1495.65 1124.47 -2228.34 565.98 387.61 -345.75 -206.16 1418.56 892.59 -1562.73 1562.60 1356.21 -702.32 -448.24 1428.03 -1290.14 749.38 -807.23 504.61 -56.78 -1154.17 -156.14 623.02 -228.58 -779.33 -135.09 784.99 -218.15 -1260.73 -113.02 366.00 -629.60 733.85 513.95 -152.98 -294.08 153.13 -185.65 20.79 -322.66 -309.23 -152.55 323.44 -66.98 -671.96 969.67 -628.80 621.27 -300.26 -40.88 454.28 214.86 -43.28 295.27 372.29 -24.74 -170.65 297.96 826.13 -233.70 -182.41 418.18 85.32 -763.43 -123.84 303.59 -148.42 -472.73 -17.00 321.12 -21.55 -472.98 -204.27 250.00 29.92 -543.59 48.14 -160.22 15.80 204.00 374.69 -74.01 -313.72 -78.22 201.75 224.71 -13.70 -132.70 -171.92 91.56 389.61 -54.47 -63.83 310.35 -141.66 -326.90 58.36 317.72 55.04 -244.98 -172.15 186.03 192.24 -185.54 48.40 -94.44
721.13 -2921.52 2395.69 8258.67 -17470.04 -5527.24 42144.84 2361.63 -148024.97 233825.02 -145627.14 10967.05 34018.83 -17100.76 2686.62 340.62 -162.82 -6114.46 15038.23 -5196.56 -19473.09 10114.67 24987.41 -5385.53 -32533.80 -2439.34 25882.37 -89.07 -11594.59 3145.43 -81.14 3504.48 -9796.34 6479.29 9731.28 -9971.20 -10901.67 9516.39 3664.33 1187.59 7636.71 7539.39 -18927.00 5004.05 2873.58 -964.48 4087.50 -6244.44 371.51 5755.74 -2420.24 4178.16 -8099.12 -1054.87 -157.67 1799.05 -8961.44 -1078.90 9258.52 -4806.84 -1264.40 4119.66 -2923.50 -2615.27 1632.12 2069.40 79.78 2509.99 -2126.69 -243.60 -277.19 2629.94 -2839.95 6221.91 -3124.21 -652.19 903.54 1838.23 -2240.61 -477.79 -483.44 -2937.00 6157.97 -730.26 -892.50 -667.51 6603.83 -3296.92 -2153.32 1237.95 366.00 -2285.97 2347.30 1296.82 -1428.71 700.71 -2429.07 -470.71 1224.50 -1728.75 -148.89 375.29 -1051.84 -2602.53 1637.66 1007.49 -2819.41 1626.36 108.55 50.71 826.81 1089.91 -1453.68 -757.51 2132.36 -2700.72 -718.22 2939.19 -1003.56 907.23 749.38 -770.20 203.78 -832.78 -314.66 1172.72 -195.66 -147.53 1493.77 54.77 189.94 15.86 890.40 940.14 -1287.29 -446.65 1286.01 25.06 -899.58 -352.91 273.35 -224.79 -708.38 -110.70 769.41 -295.76 -712.63 -369.09 296.36 -652.19 -920.17 936.56 150.00 -56.06 -21.60 378.09 94.58 -733.97 -287.36 191.91 326.80 -530.50 -493.98 32.65 694.00 96.54 -327.54 -327.67 281.74 218.20 90.12 246.55 375.83 -44.52 -235.19 431.86 548.12 79.68 -163.41 425.48 818.35 -554.90 -266.11 228.07 -63.48 -644.13 -82.67 461.00 -19.73 -594.58 -142.08 293.02 127.79 -357.80 -567.08 -363.42 -25.50 282.04 403.03 10.81 -337.60 -115.34 286.18 227.55 -66.89 -123.39 -123.82 -59.12 326.61 195.98 -50.98 330.28 -232.36 -293.49 100.54 254.09 58.36 -226.15 -172.15 160.41 170.84 -43.68 -132.06 45.45 -52.26
-279.56 2049.88 -5786.58 5285.34 7303.36 -17470.04 -5775.23 40053.86 6360.52 -145627.14 224326.11 -145434.75 29847.16 10334.19 -4592.05 -373.67 2671.18 -4322.47 -2873.57 14084.97 -5189.24 -18495.71 7431.34 26144.94 -2159.59 -36645.70 -3483.12 36010.15 -16927.91 1214.91 -1032.66 2691.71 -406.77 -6853.42 5318.21 9481.56 -8192.78 -12660.95 8459.35 6743.84 422.46 4067.94 12451.44 -22059.88 7663.81 -268.65 475.05 2161.69 -4484.73 -1088.13 5749.88 -436.89 2856.89 -10007.92 2030.94 166.98 -2085.40 -8139.47 5307.44 870.12 194.64 -2141.80 5078.16 -2408.51 -4240.77 1645.76 3927.97 -446.86 272.50 -347.92 1771.72 -3179.11 157.18 5670.66 -2499.72 694.00 -3333.50 3960.74 1350.50 -3576.60 -445.13 825.82 -2674.93 4118.58 -746.08 2223.83 -1698.09 2563.06 1440.80 -3124.21 969.67 -2334.43 735.88 1315.76 821.99 -1412.93 1056.50 -1713.01 -1226.86 -354.55 425.93 926.12 -2601.49 -1462.24 1485.66 316.18 239.75 -1812.78 551.75 802.68 86.57 9.33 1929.00 -765.53 -2579.63 2157.29 -568.11 -1058.47 -191.46 1629.04 -629.60 2334.61 -1877.02 -572.65 626.00 -260.76 -378.70 438.38 1349.14 314.52 -1300.22 1742.05 1382.35 -808.55 -98.26 -920.17 1806.80 -507.22 -288.56 478.64 -331.09 -1158.69 -0.93 660.80 -226.06 -775.03 -218.96 545.92 219.27 -1264.40 -138.44 -291.61 28.23 288.37 594.03 -42.14 -249.68 -74.94 -211.39 261.66 -280.88 -383.11 -700.17 617.36 194.64 697.48 -1171.84 163.75 43.96 -38.53 180.92 481.59 -52.13 -118.55 380.42 474.32 162.29 -332.63 120.39 654.59 387.35 -351.48 584.53 -146.04 -665.75 -45.88 289.79 -197.83 -441.35 -121.57 233.56 203.91 -81.63 -363.26 -445.18 -549.26 210.19 459.31 -12.11 -318.84 -4.29 344.36 161.47 -5.28 -127.33 -186.14 -75.75 212.26 177.35 74.16 135.81 118.13 -440.60 16.90 310.05 100.54 -326.90 -146.77 186.03 170.84 -68.45 -107.02 83.46 -90.49 19.10
-137.25 170.27 1770.33 -6148.33 5285.34 8258.67 -17089.05 -8212.54 39620.18 10967.05 -145434.75 216814.98 -145004.16 43736.80 -4048.82 -93.13 -639.56 3860.36 -5630.53 -3034.78 15054.27 -4856.11 -19388.92 7223.16 26400.44 -2954.19 -34900.59 347.09 24705.13 -8529.73 425.19 -2554.15 5447.18 -2617.82 -6873.96 6470.38 8935.32 -8756.92 -10762.26 7559.18 3266.33 3849.33 10595.33 -4897.27 -5032.18 540.72 -2719.17 4412.82 -522.81 -4597.94 417.62 5053.65 -1964.77 5255.91 -9069.17 -2057.30 -35.91 6366.76 -19319.30 12354.67 654.59 -2254.87 1530.66 2619.91 -2470.55 -2528.11 948.89 1790.92 1298.80 3002.21 -3843.27 -841.35 3376.97 -1431.48 870.12 425.48 -551.16 -1502.73 2419.46 1354.16 -2216.73 -548.12 -1025.55 -2512.75 6902.48 -1727.48 -948.15 263.53 6718.69 -4806.84 -182.41 1613.27 -2910.81 528.19 1351.88 1232.57 -872.36 365.62 -3051.33 425.94 1038.08 -2018.23 -592.98 992.76 -1696.83 -684.39 2316.38 -1915.41 -798.54 557.16 81.74 954.68 547.88 208.26 -915.80 -107.47 1673.03 -3011.06 -834.79 2708.78 -628.80 1056.86 180.75 -226.28 -569.73 -893.88 426.81 1030.04 -635.17 -119.62 1768.66 14.03 866.78 -521.78 446.94 96.54 -887.42 804.79 934.30 -248.89 -981.06 -69.68 232.07 -135.68 -783.93 -351.75 413.89 481.96 -268.16 -964.48 697.48 -1371.08 11.25 634.94 351.16 -80.65 -192.09 277.03 393.11 -517.10 -517.45 -433.70 342.48 141.94 -268.65 303.09 -112.12 -286.80 -277.59 64.77 337.02 -111.47 -69.75 336.96 666.36 175.83 -354.05 -86.46 426.04 540.72 -510.29 912.61 198.78 -482.41 -163.38 318.54 -131.27 -665.68 -275.56 331.60 284.43 -122.70 -239.17 -327.32 -122.69 -249.57 249.86 -8.64 -274.20 -91.19 372.13 291.16 69.08 -158.20 -187.79 -97.95 123.58 262.42 34.29 -72.28 277.13 -455.57 60.97 324.69 16.90 -293.49 -141.66 126.27 192.24 -43.68 -107.02 43.49 -17.89 -50.46 52.91
178.66 -789.80 915.58 1770.33 -5786.58 2395.69 10439.00 -11458.79 -16971.86 34018.83 29847.16 -145004.16 179146.06 -99235.34 21257.00 204.99 -753.69 -191.66 3919.04 -4137.42 -6406.60 14501.08 2442.85 -23266.90 -926.34 36055.03 1207.44 -56169.86 33572.95 -3656.44 185.17 219.13 -2765.19 5184.75 -232.83 -9197.22 3788.01 14396.01 -8189.56 -17979.78 11455.51 10445.49 -10957.49 21179.58 -9057.02 -122.69 1238.70 -4014.01 4364.92 2232.75 -6381.26 -2708.77 9060.85 98.21 -1574.24 -6807.78 5391.69 -7809.00 1672.91 -5032.18 -445.18 2340.40 -4479.90 1540.82 5032.64 -3073.85 -5408.35 2716.00 4850.17 -2999.72 1487.71 2206.69 -638.60 -5680.71 7663.81 -567.08 2553.78 -2970.97 -1497.55 3924.86 1777.62 -4291.58 -757.30 2434.88 -3559.98 2090.71 1140.58 3775.51 -4204.33 2873.58 -543.59 1415.65 119.48 -2876.44 805.96 2335.26 250.63 -2246.96 2319.40 -1037.27 -3284.76 75.13 1222.25 1498.82 -4730.12 -169.68 -590.21 2643.06 -1888.41 -1787.54 1644.85 539.13 -904.11 386.40 2941.75 -1285.29 -2771.18 1268.25 1027.77 -695.42 418.18 -2185.34 2855.53 131.79 -1883.07 314.51 574.10 -1055.72 -401.72 1131.08 1425.81 259.08 -1946.79 1232.68 2289.94 818.35 -2033.15 1086.67 742.78 -564.03 157.03 612.14 -494.58 -1255.59 -239.89 706.81 282.90 -371.85 -1453.41 -81.14 387.35 -249.91 -452.98 84.72 -65.67 118.63 613.35 338.56 -215.21 -600.29 -489.48 591.98 537.85 -269.29 -1032.66 -510.29 1229.66 -654.07 -199.13 110.38 -403.41 -267.34 554.04 727.46 -88.57 -400.84 60.81 518.20 653.26 425.19 -632.70 986.56 -468.34 192.40 621.74 -323.77 -833.40 -50.96 388.67 192.35 -243.45 -422.30 -480.67 -204.63 185.17 400.32 -177.06 -697.24 -69.03 549.16 311.54 -27.33 -209.50 -185.70 -18.50 290.10 310.81 71.65 -61.89 -179.74 -2.44 -304.44 579.50 60.97 -440.60 -232.36 310.35 241.06 -185.54 -132.06 83.46 -17.89 -137.70 128.79 20.10
-74.97 395.15 -789.80 170.27 2049.88 -2921.52 -1615.05 6960.14 47.97 -17100.76 10334.19 43736.80 -99235.34 86793.19 -28347.11 -90.93 530.46 -729.11 -807.51 2788.93 84.37 -7313.70 5454.11 10293.05 -12147.80 -17625.77 25291.31 33258.13 -73214.61 31196.69 -179.74 439.80 240.96 -2282.90 2186.44 3190.86 -5694.06 -4797.51 12301.76 6034.22 -19745.61 -7933.59 22778.78 4287.01 -3656.44 -72.28 -6.55 1210.86 -2680.04 552.30 4065.70 -1300.41 -7289.53 2480.62 8865.37 3075.35 -15814.01 -375.86 8095.10 -8529.73 74.16 -725.70 2278.23 -2252.83 -1936.25 4085.24 2294.91 -5156.57 -4501.38 5608.51 5037.95 -22.11 -6551.49 3180.15 1214.91 195.98 -1337.43 2551.55 -552.39 -3339.27 1021.24 4831.73 -623.77 -5116.06 -1358.09 1840.03 4371.12 -2040.84 -914.23 3145.43 389.61 -1480.61 1471.30 1533.04 -2476.83 -2071.80 2196.10 3749.94 -1655.04 -2417.51 -708.59 45.45 1566.33 -2773.06 -93.13 329.32 -740.83 -579.57 2318.70 216.77 -2953.74 -891.88 2176.79 2067.79 -1294.66 -246.52 188.23 56.13 813.86 -2129.55 48.14 611.64 -2211.59 1118.24 2370.12 -926.11 -2315.09 -129.13 1362.01 644.00 -849.10 -2.26 982.22 584.63 1030.60 -363.42 1739.21 -2056.33 -838.76 1833.94 1255.55 -916.72 -1124.29 -40.21 450.23 -26.47 -635.60 -768.77 200.21 340.62 -549.26 1461.94 -251.53 -1416.06 -236.53 1005.69 640.25 -255.87 -533.93 142.58 578.68 -53.22 -304.81 -627.86 -373.67 -249.57 -200.54 1260.72 -200.77 -1129.53 -285.26 655.21 359.53 -251.96 -197.23 269.85 531.71 353.86 230.82 -93.13 400.32 -1549.83 988.45 930.08 -387.79 -567.25 144.57 237.29 -56.79 -360.13 -356.67 -253.00 -77.20 188.65 204.99 739.02 -892.60 -176.61 275.19 177.31 -29.62 -154.08 -75.89 133.05 304.33 146.68 -17.37 -56.18 -157.98 -90.93 -540.47 1018.71 -304.44 -455.57 118.13 330.28 -63.83 -209.73 48.40 45.45 -90.49 -50.46 128.79 -9.54 20.74
12.98 -74.97 178.66 -137.25 -279.56 721.13 -194.22 -1184.84 895.03 2686.62 -4592.05 -4048.82 21257.00 -28347.11 14729.93 20.74 -107.61 223.17 -11.45 -559.98 354.59 1314.90 -2102.24 -1050.47 4232.17 1472.61 -10014.29 -2328.34 30678.02 -28347.11 20.10 -151.55 112.82 363.93 -661.46 -268.95 1507.40 247.64 -3728.04 699.16 7027.99 -1002.17 -12672.81 -2328.34 21257.00 52.91 -73.61 -103.39 529.42 -393.01 -777.62 833.23 1641.63 -1662.06 -3287.38 1386.38 8132.31 -1002.17 -10014.29 -4048.82 19.10 61.27 -401.93 629.91 98.48 -1187.68 28.08 1788.53 759.82 -2807.11 -2380.14 1386.38 7027.99 1472.61 -4592.05 -52.26 216.71 -593.98 429.09 757.80 -782.77 -1300.41 1047.60 2126.07 41.29 -2807.11 -3287.38 699.16 4232.17 2686.62 -94.44 376.91 -551.28 -136.45 976.97 256.64 -1332.68 -1186.75 1433.49 2126.07 759.82 -1662.06 -3728.04 -1050.47 895.03 -35.64 332.51 -164.04 -698.53 337.89 1114.89 -114.29 -1484.79 -1186.75 1047.60 1788.53 1641.63 247.64 -2102.24 -1184.84 -54.47 41.08 424.61 -659.24 -632.99 817.44 1215.17 -114.29 -1332.68 -1300.41 28.08 833.23 1507.40 1314.90 -194.22 -50.98 -361.16 819.90 98.15 -943.61 -478.63 817.44 1114.89 256.64 -782.77 -1187.68 -777.62 -268.95 354.59 721.13 135.81 -545.73 392.06 699.20 -152.24 -943.61 -632.99 337.89 976.97 757.80 98.48 -393.01 -661.46 -559.98 -279.56 277.13 -252.10 -512.46 327.83 699.20 98.15 -659.24 -698.53 -136.45 429.09 629.91 529.42 363.93 -11.45 -137.25 -2.44 397.60 -640.44 -512.46 392.06 819.90 424.61 -164.04 -551.28 -593.98 -401.93 -103.39 112.82 223.17 178.66 -540.47 743.89 397.60 -252.10 -545.73 -361.16 41.08 332.51 376.91 216.71 61.27 -73.61 -151.55 -107.61 -74.97 298.25 -540.47 -2.44 277.13 135.81 -50.98 -54.47 -35.64 -94.44 -52.26 19.10 52.91 20.10 20.74 12.98
-28347.11 31196.69 -3656.44 -8529.73 1214.91 3145.43 -93.13 -2129.55 1030.60 340.62 -373.67 -93.13 204.99 -90.93 20.74 86793.19 -73214.61 4287.01 8095.10 3180.15 -914.23 -2773.06 813.86 584.63 200.21 -627.86 230.82 188.65 -157.98 -9.54 -99235.34 33258.13 22778.78 -375.86 -6551.49 -2040.84 1566.33 56.13 982.22 -768.77 -304.81 353.86 -77.20 -56.18 128.79 43736.80 25291.31 -7933.59 -15814.01 -22.11 4371.12 45.45 188.23 -2.26 -635.60 -53.22 531.71 -253.00 -17.37 -50.46 10334.19 -17625.77 -19745.61 3075.35 5037.95 1840.03 -708.59 -246.52 -849.10 -26.47 578.68 269.85 -356.67 146.68 -90.49 -17100.76 -12147.80 6034.22 8865.37 5608.51 -1358.09 -2417.51 -1294.66 644.00 450.23 142.58 -197.23 -360.13 304.33 45.45 47.97 10293.05 12301.76 2480.62 -4501.38 -5116.06 -1655.04 2067.79 1362.01 -40.21 -533.93 -251.96 -56.79 133.05 48.40 6960.14 5454.11 -4797.51 -7289.53 -5156.57 -623.77 3749.94 2176.79 -129.13 -1124.29 -255.87 359.53 237.29 -75.89 -209.73 -1615.05 -7313.70 -5694.06 -1300.41 2294.91 4831.73 2196.10 -891.88 -2315.09 -916.72 640.25 655.21 144.57 -154.08 -63.83 -2921.52 84.37 3190.86 4065.70 4085.24 1021.24 -2071.80 -2953.74 -926.11 1255.55 1005.69 -285.26 -567.25 -29.62 330.28 2049.88 2788.93 2186.44 552.30 -1936.25 -3339.27 -2476.83 216.77 2370.12 1833.94 -236.53 -1129.53 -387.79 177.31 118.13 170.27 -807.51 -2282.90 -2680.04 -2252.83 -552.39 1533.04 2318.70 1118.24 -838.76 -1416.06 -200.77 930.08 275.19 -455.57 -789.80 -729.11 240.96 1210.86 2278.23 2551.55 1471.30 -579.57 -2211.59 -2056.33 -251.53 1260.72 988.45 -176.61 -304.44 395.15 530.46 439.80 -6.55 -725.70 -1337.43 -1480.61 -740.83 611.64 1739.21 1461.94 -200.54 -1549.83 -892.60 1018.71 -74.97 -90.93 -179.74 -72.28 74.16 195.98 389.61 329.32 48.14 -363.42 -549.26 -249.57 400.32 739.02 -540.47
30678.02 -73214.61 33572.95 24705.13 -16927.91 -11594.59 8585.94 6525.15 -7226.30 -162.82 2671.18 -639.56 -753.69 530.46 -107.61 -73214.61 191937.84 -107866.12 -5055.56 6447.97 5718.62 4758.35 -4021.84 -3163.81 1631.23 2463.55 -2039.73 9.65 491.23 -157.98 33572.95 -107866.12 1648.32 32480.49 9478.46 -6646.65 -4093.31 101.23 -1408.03 3462.55 -243.09 -2083.44 1179.26 -53.91 -61.89 24705.13 -5055.56 32480.49 16646.54 -19701.46 -9027.29 6111.61 1123.68 -770.68 1813.84 -774.69 -1782.30 1764.35 -597.04 34.29 -16927.91 6447.97 9478.46 -19701.46 -8088.75 854.86 6670.46 44.41 -329.28 -530.14 -778.13 -198.91 1601.85 -994.71 177.35 -11594.59 5718.62 -6646.65 -9027.29 854.86 11942.57 3752.42 -3698.88 -3054.25 639.52 294.64 182.91 741.08 -903.55 326.61 8585.94 4758.35 -4093.31 6111.61 6670.46 3752.42 -4656.72 -6123.81 605.28 2715.22 595.26 -719.14 -168.65 -147.49 91.56 6525.15 -4021.84 101.23 1123.68 44.41 -3698.88 -6123.81 1007.09 3634.42 2064.60 -1165.74 -1044.38 30.78 386.00 -94.67 -7226.30 -3163.81 -1408.03 -770.68 -329.28 -3054.25 605.28 3634.42 2799.36 -1646.17 -2487.61 112.30 808.84 292.68 -160.22 -162.82 1631.23 3462.55 1813.84 -530.14 639.52 2715.22 2064.60 -1646.17 -3557.60 -436.26 1991.28 484.88 -553.44 -25.50 2671.18 2463.55 -243.09 -774.69 -778.13 294.64 595.26 -1165.74 -2487.61 -436.26 2468.73 1613.87 -1245.11 -681.29 210.19 -639.56 -2039.73 -2083.44 -1782.30 -198.91 182.91 -719.14 -1044.38 112.30 1991.28 1613.87 -940.89 -1776.30 657.97 249.86 -753.69 9.65 1179.26 1764.35 1601.85 741.08 -168.65 30.78 808.84 484.88 -1245.11 -1776.30 71.03 1494.70 -177.06 530.46 491.23 -53.91 -597.04 -994.71 -903.55 -147.49 386.00 292.68 -553.44 -681.29 657.97 1494.70 -265.44 -892.60 -107.61 -157.98 -61.89 34.29 177.35 326.61 91.56 -94.67 -160.22 -25.50 210.19 249.86 -177.06 -892.60 743.89
-2328.34 33258.13 -56169.86 347.09 36010.15 -89.07 -22866.73 1115.87 15043.93 -6114.46 -4322.47 3860.36 -191.66 -729.11 223.17 4287.01 -107866.12 239474.75 -127910.58 -6362.77 12823.92 -638.72 3447.00 3150.00 -5505.45 -1786.18 5141.51 -2343.24 9.65 188.65 21179.58 -154.14 -80755.12 -15168.06 33521.45 15428.01 -9891.58 -4288.56 3536.89 -4555.96 2380.64 2761.74 -3473.59 1389.68 -204.63 -4897.27 33603.37 -1062.44 18336.65 23693.20 -13949.19 -15248.99 6028.69 4470.61 -3483.25 1263.70 1925.34 -3474.62 1802.19 -327.32 -22059.88 9832.49 -3996.95 3080.22 -11185.67 -6104.86 -6038.24 7806.49 2995.57 -2238.63 -756.32 1037.79 -1744.50 1539.42 -363.26 5004.05 -5937.06 -7126.92 -2814.37 -2947.10 -3313.34 8042.49 7570.61 -2283.09 -5102.92 610.77 1455.18 -734.12 687.30 -357.80 14281.63 -4899.79 1392.26 3418.90 8004.85 679.22 4039.43 -724.01 -6769.51 -1548.64 3159.44 1382.73 -1054.40 -203.69 29.92 -4493.44 -316.42 3108.13 3126.80 -1399.51 -3193.93 -834.37 -4473.01 -773.96 2572.54 2993.39 -987.72 -1158.09 69.91 246.63 -7099.38 -1298.96 2332.77 -3985.32 -5008.16 134.80 180.41 -77.83 1626.50 3421.80 -329.31 -3099.87 -31.69 857.25 85.32 3504.48 4131.36 -1022.50 65.38 821.52 2241.04 1998.27 715.24 765.23 -44.09 -2704.53 -1541.58 2159.18 459.91 -554.90 2691.71 -488.03 -1178.75 -90.95 1753.17 1340.60 -706.26 -1241.40 -978.70 -1040.75 -772.59 1328.33 2246.55 -1284.27 -351.48 -2554.15 -2409.89 -759.10 134.03 -480.66 -1167.46 -1592.79 -872.96 438.06 728.96 911.22 1030.75 -271.85 -1782.84 912.61 219.13 1389.68 1787.97 1174.95 -2.63 -459.79 518.46 1227.65 1112.31 340.74 -265.95 -1027.95 -1366.93 94.73 986.56 439.80 -53.91 -939.94 -862.06 -416.16 236.42 559.24 103.13 -980.23 -1058.01 -129.45 484.66 727.00 1494.70 -1549.83 -151.55 -56.18 71.65 262.42 212.26 -59.12 -171.92 -118.18 15.80 282.04 459.31 -8.64 -697.24 -176.61 397.60
-10014.29 25291.31 1207.44 -34900.59 -3483.12 25882.37 8079.00 -19383.44 -5236.10 15038.23 -2873.57 -5630.53 3919.04 -807.51 -11.45 8095.10 -5055.56 -127910.58 270033.34 -132180.94 -19441.13 19273.44 3271.64 -2581.49 4525.74 -2753.20 -3926.92 5141.51 -2039.73 230.82 1672.91 33603.37 -18093.43 -63522.62 -23073.50 26593.32 23224.03 -8009.51 -9796.89 5314.70 -2400.26 121.47 2834.71 -2409.89 653.26 -19319.30 16630.42 20163.80 5736.47 13660.62 21585.36 -7280.87 -16166.58 1413.95 6791.48 -1637.24 -1106.49 1862.10 -1606.81 426.04 5307.44 -20217.36 3745.25 1923.30 -62.22 -11176.32 -1974.86 -8238.74 4690.87 5609.61 -1035.12 -2773.01 964.82 13.14 120.39 9258.52 -9828.66 -3259.10 -1756.76 -6093.46 -3283.66 -1470.59 5812.79 6959.65 -143.91 -4835.25 -706.35 1444.18 179.64 -163.41 1960.35 6217.96 3251.27 1112.69 -51.70 9090.44 1447.61 2815.03 -105.71 -5817.10 -2178.56 2766.91 1473.51 -890.63 -233.70 -7967.79 1944.18 3504.98 -561.88 1202.55 937.75 -2947.99 -1713.22 -3706.91 -848.92 1676.37 3344.06 -941.55 -1104.32 425.62 -707.91 -695.66 -4460.35 -900.15 -3263.98 -2538.22 -739.45 -406.96 626.10 1259.05 2782.26 361.72 -3138.32 193.48 621.27 4087.50 1386.81 -59.10 -456.22 2665.83 1440.25 277.50 1690.75 1545.29 733.45 -352.18 -2054.77 -1604.69 2064.86 -327.54 475.05 -907.00 309.60 1149.10 1313.72 444.96 -99.51 -284.22 -339.97 -1212.59 -1414.04 -329.68 1349.49 1630.94 -1171.84 -2719.17 -1606.81 181.44 -383.32 -1100.70 -1851.38 -823.77 -436.24 -509.40 -351.13 342.39 1299.23 979.79 -996.87 -112.12 1238.70 1802.19 973.83 19.16 -217.63 297.97 895.66 1124.54 722.98 531.54 370.08 -0.67 -943.41 -1782.84 1229.66 -6.55 -597.04 -862.06 -411.97 317.39 615.25 -24.70 -754.95 -694.59 -344.71 -237.24 -103.44 484.66 657.97 -200.54 -73.61 -17.37 310.81 123.58 -75.75 -123.82 -132.70 -0.95 204.00 403.03 -12.11 -274.20 -69.03 275.19 -252.10
1472.61 -17625.77 36055.03 -2954.19 -36645.70 -2439.34 25853.39 8022.02 -18725.78 -5196.56 14084.97 -3034.78 -4137.42 2788.93 -559.98 3180.15 6447.97 -6362.77 -132180.94 274594.62 -128986.09 -22616.71 17515.72 5071.30 -1951.13 3129.92 -2753.20 -1786.18 2463.55 -627.86 -5680.71 9832.49 34232.70 -24593.70 -60652.03 -20744.90 23497.37 22342.45 -5485.66 -9470.60 3513.81 -2311.60 2502.70 -488.03 -269.29 -1431.48 -20217.36 23063.86 14708.82 6376.46 15849.74 19759.69 -7923.79 -14212.63 1517.21 5008.40 -1608.36 1203.41 -907.00 141.94 5670.66 -7433.30 -11387.93 508.11 2046.59 1311.00 -11935.13 -2471.55 -7118.28 4607.59 4305.09 -1023.46 -824.74 -699.64 617.36 6221.91 501.90 -3000.56 -6446.73 -1364.65 -5004.01 -3998.04 -1972.12 6452.38 7043.95 -707.43 -4822.68 495.05 466.05 32.65 -5177.49 6614.38 8017.19 -252.94 1725.09 1016.06 8260.08 1142.54 3292.53 -71.34 -5857.02 -2187.60 3138.25 720.18 -671.96 -5365.10 292.11 -1219.42 1481.30 989.95 1937.66 55.99 -2748.66 -1578.68 -3948.11 -584.96 1645.83 3053.31 -1294.32 -140.59 2745.15 -306.73 -5021.03 -3372.46 1059.22 -3987.17 -3252.88 91.25 -516.20 141.07 1653.39 2776.15 -237.06 -2635.75 733.85 4119.66 -891.52 826.91 2488.69 323.65 801.51 1177.24 1259.75 1501.12 1148.19 1218.34 -346.46 -2681.27 -423.26 936.56 -2141.80 -699.64 1866.89 1365.31 174.39 -44.98 996.34 569.04 -652.65 -652.55 -756.32 -1438.61 -798.32 2563.51 -291.61 -2254.87 13.14 -582.05 -994.20 -1595.74 -851.26 -746.33 -637.35 -1074.53 -803.78 69.98 308.24 885.68 1630.94 -1371.08 2340.40 1539.42 -88.01 -236.07 152.30 895.39 769.62 563.92 664.98 691.70 818.18 443.29 -286.89 -1284.27 -249.91 -725.70 -994.71 -416.16 317.39 542.55 167.96 -520.57 -698.00 -271.06 -62.84 -262.90 -237.24 -129.45 -681.29 1461.94 61.27 146.68 290.10 -97.95 -186.14 -123.39 -13.70 137.84 374.69 10.81 -318.84 -91.19 549.16 177.31 -545.73
4232.17 -12147.80 -926.34 26400.44 -2159.59 -32533.80 -5731.98 25000.13 10295.99 -19473.09 -5189.24 15054.27 -6406.60 84.37 354.59 -914.23 5718.62 12823.92 -19441.13 -128986.09 280849.66 -132199.28 -24127.33 19635.87 3768.74 -1951.13 4525.74 -5505.45 1631.23 200.21 -4204.33 -5937.06 16727.23 26442.77 -21535.78 -58197.07 -24163.64 23441.68 24592.42 -7087.06 -9513.33 5287.08 -4596.82 4131.36 -1453.41 6718.69 -9828.66 -14354.33 21259.49 16119.31 6387.25 13354.28 20975.71 -6308.39 -16106.52 1587.80 6735.78 -3349.15 1386.81 -268.16 1440.80 501.90 -6136.92 -11231.43 1787.80 936.56 94.17 -10316.14 -1659.25 -8811.53 4630.76 5530.35 -2067.28 -891.52 219.27 -2153.32 12207.03 -3142.50 -3127.28 -5057.30 -2173.42 -5483.77 -2754.46 -1966.26 5552.31 6982.50 -113.11 -5025.57 670.38 296.36 -4896.35 4433.50 689.29 8923.56 808.85 870.74 923.52 8750.97 843.28 3226.81 -146.52 -5790.58 -1663.48 3014.64 -113.02 -435.31 -4091.79 -3407.71 938.73 1976.64 59.73 2246.16 169.80 -3203.52 -1241.39 -3942.68 -802.17 2436.91 2100.72 -1167.57 4888.81 -3255.87 169.21 -2484.65 -3872.76 -14.32 -3105.58 -3287.70 -418.43 -70.49 181.35 1298.56 3421.04 -1766.93 -807.23 903.54 670.38 2384.59 1513.99 749.26 -188.17 1960.58 961.55 894.52 1958.52 1170.99 742.41 8.07 -3608.04 1286.01 -3333.50 466.05 1301.65 399.94 -145.22 909.24 798.63 407.66 256.11 -133.46 -682.02 -1238.14 -1056.69 -423.26 1806.80 -551.16 179.64 -1348.33 -1822.36 -791.09 -295.58 -736.11 -1505.49 -893.38 -575.61 -847.07 -398.25 781.40 2064.86 -887.42 2553.78 687.30 -346.49 299.14 921.23 642.77 329.64 422.06 592.49 906.45 752.35 605.86 259.77 459.91 -2033.15 -1337.43 -903.55 236.42 615.25 167.96 -680.32 -485.92 65.12 -44.70 -272.31 -62.84 -344.71 -1058.01 -553.44 1739.21 216.71 304.33 -18.50 -187.79 -127.33 -66.89 224.71 279.65 -74.01 -337.60 -4.29 372.13 311.54 -29.62 -361.16
-1050.47 10293.05 -23266.90 7223.16 26144.94 -5385.53 -31023.85 -4712.24 23476.50 10114.67 -18495.71 -4856.11 14501.08 -7313.70 1314.90 -2773.06 4758.35 -638.72 19273.44 -22616.71 -132199.28 284306.44 -130792.20 -26498.33 19635.87 5071.30 -2581.49 3150.00 -3163.81 584.63 1498.82 -4899.79 -10153.21 24289.83 23488.49 -24663.93 -55156.41 -23170.90 21003.09 24717.43 -5532.85 -10108.83 3584.65 -1298.96 1232.68 992.76 6217.96 -15148.83 -7620.78 19834.54 13261.94 8747.76 14136.28 18754.21 -6359.27 -14262.20 1587.50 4550.88 -695.66 -521.78 -1462.24 6614.38 -5833.34 -2190.16 -12005.19 286.48 2425.66 605.49 -11897.05 -1755.48 -7090.88 4739.36 2967.73 -306.73 -808.55 -2602.53 4433.50 7737.33 -1475.87 -4000.78 -5349.33 -1305.27 -5293.68 -3508.15 -2030.44 6526.67 6876.35 -2206.71 -3255.87 940.14 -1625.07 -4793.78 4164.11 1543.97 8125.73 929.91 1221.61 777.74 8613.51 877.54 3389.19 -178.97 -6786.04 502.68 1428.03 4396.89 -6543.60 -967.95 -2944.65 181.80 2199.36 130.50 1859.55 440.54 -3165.09 -1610.41 -3680.82 -753.48 3859.09 -505.57 1853.09 502.68 303.20 -643.52 -3255.53 -3162.43 -62.55 -3661.14 -2780.59 -370.94 -569.96 593.93 1556.34 2929.86 -2228.34 -2285.97 3014.64 2051.39 281.07 1101.33 1970.75 -433.18 1502.52 1616.00 870.84 1470.63 1536.25 788.09 -1766.93 -770.20 -2334.43 720.18 -804.15 -181.83 975.44 814.51 243.08 469.68 971.53 199.23 -598.38 -247.29 -976.63 -2635.75 2334.61 1613.27 -890.63 -1697.37 -804.73 -663.06 -729.82 -1107.44 -859.29 -1104.28 -888.84 -1087.69 -530.23 509.38 193.48 1056.86 1415.65 -203.69 674.45 886.41 762.48 332.19 335.33 518.71 579.06 648.60 660.28 675.59 1041.49 857.25 -2185.34 -1480.61 -147.49 559.24 -24.70 -520.57 -485.92 -66.47 98.27 -11.94 -44.70 -271.06 -694.59 -980.23 292.68 611.64 376.91 133.05 -185.70 -158.20 -5.28 227.55 201.75 -50.27 -313.72 -115.34 344.36 291.16 -27.33 -154.08 41.08
